-339280.810    38.623     0.00   15.04
-338904.704    32.915   -15.18   16.73
-338528.599    24.152   -23.30   17.71
-338152.492    17.364   -18.05   13.29
-337776.385    19.272     5.07   13.37
-337400.278    23.941    12.41   13.49
-337024.170    32.901    23.82   11.09
-336648.061    39.253    16.89   15.46
-336271.952    38.631    -1.65   16.72
-335895.843    35.693    -7.81   17.57
-335519.733    32.543    -8.37   14.82
-335143.622    29.492    -8.11   10.22
-334767.511    34.523    13.38   18.06
-334391.400    45.620    29.50   22.44
-334015.288    54.364    23.25   23.82
-333639.175    58.517    11.04   21.60
-333263.062    59.731     3.23   19.68
-332886.949    55.928   -10.11   19.01
-332510.835    52.054   -10.30   15.69
-332134.720    51.685    -0.98   15.21
-331758.605    51.820     0.36   13.75
-331382.490    52.827     2.68   12.48
-331006.374    55.030     5.86   14.27
-330630.257    55.492     1.23   15.23
-330254.140    53.387    -5.60   12.39
-329878.022    56.550     8.41   16.20
-329501.904    61.498    13.16   18.21
-329125.785    62.389     2.37   18.45
-328749.666    59.840    -6.78   16.81
-328373.546    58.253    -4.22   13.69
-327997.426    57.210    -2.77   11.56
-327621.305    57.546     0.90   11.06
-327245.183    55.362    -5.81    7.50
-326869.062    59.631    11.35   11.31
-326492.939    65.065    14.45   13.70
-326116.816    69.847    12.71   14.62
-325740.692    77.847    21.27   12.46
-325364.568    80.901     8.12   10.89
-324988.444    82.015     2.96   10.00
-324612.318    78.005   -10.66   10.28
-324236.193    73.928   -10.84    9.58
-323860.066    71.332    -6.90    7.94
-323483.939    76.967    14.98   14.58
-323107.812    78.523     4.14   16.83
-322731.684    80.520     5.31   17.52
-322355.555    79.190    -3.54   18.97
-321979.426    71.604   -20.17   17.60
-321603.296    67.020   -12.19   17.09
-321227.166    59.836   -19.10    9.58
-320851.035    61.851     5.36   11.43
-320474.904    65.496     9.69   14.43
-320098.772    66.015     1.38   14.05
-319722.639    62.799    -8.55    8.73
-319346.506    63.820     2.71    8.46
-318970.373    69.901    16.17   14.63
-318594.238    81.036    29.60   23.67
-318218.103    90.362    24.79   23.07
-317841.968    94.543    11.12   21.31
-317465.832    89.804   -12.60   21.29
-317089.695    76.517   -35.32   17.02
-316713.558    73.415    -8.25   16.68
-316337.421    77.693    11.37   20.17
-315961.282    78.748     2.81   19.63
-315585.143    75.953    -7.43   18.88
-315209.004    74.967    -2.62   18.36
-314832.864    69.334   -14.98   13.96
-314456.723    70.261     2.47   12.26
-314080.581    69.361    -2.39    7.71
-313704.440    69.140    -0.59    5.42
-313328.297    68.569    -1.52    4.67
-312952.154    67.301    -3.37    4.21
-312576.010    69.334     5.41    4.97
-312199.866    71.063     4.60    6.79
-311823.721    69.442    -4.31    9.95
-311447.575    68.546    -2.38   11.72
-311071.429    66.804    -4.63   11.78
-310695.282    65.515    -3.43   11.91
-310319.135    67.338     4.85   14.67
-309942.987    71.280    10.48   22.01
-309566.838    74.902     9.63   27.24
-309190.689    75.336     1.15   24.78
-308814.539    78.125     7.42   19.44
-308438.389    77.998    -0.34    8.67
-308062.238    75.723    -6.05   10.08
-307686.086    73.859    -4.95   11.39
-307309.933    71.184    -7.11   11.12
-306933.780    70.030    -3.07   13.27
-306557.627    65.165   -12.93   12.80
-306181.473    66.361     3.18   13.98
-305805.318    64.469    -5.03   13.86
-305429.162    67.469     7.98   16.58
-305053.006    74.310    18.19   17.44
-304676.849    77.253     7.82   18.04
-304300.692    77.210    -0.11   16.49
-303924.534    77.466     0.68   15.46
-303548.375    79.204     4.62   14.14
-303172.215    77.046    -5.74   11.27
-302796.055    80.030     7.93   11.28
-302419.895    81.261     3.27   11.53
-302043.733    83.550     6.09    9.93
-301667.571    85.928     6.32   10.33
-301291.409    88.334     6.40   11.98
-300915.245    88.783     1.19   12.96
-300539.081    89.364     1.54   13.40
-300162.917    91.259     5.04   12.54
-299786.752    86.030   -13.90   12.26
-299410.586    84.520    -4.01   13.02
-299034.419    81.443    -8.18   14.76
-298658.252    77.261   -11.12   13.26
-298282.084    75.915    -3.58   12.44
-297905.915    73.594    -6.17   11.24
-297529.746    75.757     5.75   11.73
-297153.576    75.982     0.60   12.33
-296777.405    74.312    -4.44   12.14
-296401.234    76.517     5.86   12.54
-296025.062    78.133     4.29   11.25
-295648.889    81.776     9.68   12.16
-295272.716    84.310     6.74   10.48
-294896.542    85.847     4.09   11.54
-294520.367    85.820    -0.07    9.80
-294144.192    87.955     5.68    9.63
-293768.016    89.040     2.88    9.55
-293391.839    88.697    -0.91    9.67
-293015.661    85.082    -9.61    9.93
-292639.483    79.054   -16.02   12.28
-292263.304    74.415   -12.33   12.42
-291887.125    73.137    -3.40   13.12
-291510.945    73.125    -0.03   11.37
-291134.764    73.646     1.38   11.58
-290758.582    73.226    -1.12   10.53
-290382.400    76.928     9.84   13.37
-290006.217    79.517     6.88   14.94
-289630.033    84.115    12.22   15.77
-289253.848    91.280    19.05   13.52
-288877.663    92.261     2.61   14.37
-288501.477    91.523    -1.96   13.77
-288125.291    90.604    -2.44   13.50
-287749.103    95.523    13.08   15.04
-287372.915    98.276     7.32   14.30
-286996.726    98.467     0.51   13.91
-286620.537    97.540    -2.47   14.07
-286244.347    92.832   -12.52   10.62
-285868.156    89.389    -9.15    8.36
-285491.964    85.361   -10.71    8.93
-285115.772    85.678     0.84    8.28
-284739.579    84.520    -3.08    7.81
-284363.385    87.073     6.79    7.86
-283987.190    92.498    14.42   12.24
-283610.995   101.310    23.42   17.98
-283234.799   106.615    14.10   18.51
-282858.602   118.054    30.41   19.52
-282482.405   124.697    17.66   19.03
-282106.206   124.967     0.72   21.89
-281730.007   128.226     8.66   21.85
-281353.807   127.955    -0.72   23.33
-280977.607   125.304    -7.05   23.43
-280601.406   124.158    -3.04   23.29
-280225.204   113.876   -27.33   24.57
-279849.001   105.253   -22.92   21.80
-279472.797   102.390    -7.61   20.62
-279096.593   104.573     5.80   20.89
-278720.388   107.862     8.74   17.61
-278344.182   113.361    14.62   14.38
-277967.976   120.697    19.50   14.54
-277591.769   128.546    20.86   19.29
-277215.561   144.332    41.96   22.12
-276839.352   162.546    48.42   25.78
-276463.142   174.637    32.14   26.96
-276086.932   178.953    11.47   27.95
-275710.721   187.928    23.85   32.81
-275334.509   197.650    25.84   27.03
-274958.296   205.145    19.92   17.52
-274582.083   204.199    -2.51   15.62
-274205.869   195.820   -22.27   17.16
-273829.654   187.671   -21.66   16.77
-273453.438   182.063   -14.91   13.08
-273077.221   179.210    -7.59   10.05
-272701.004   176.133    -8.18   11.61
-272324.786   168.697   -19.76   17.88
-271948.617   162.982   -15.19   27.84
-271572.557   162.362    -1.65   35.18
-271196.495   169.889    20.01   37.66
-270820.433   186.304    43.65   41.93
-270444.371   204.793    49.17   50.09
-270068.307   221.658    44.85   51.77
-269692.242   225.099     9.15   44.59
-269316.177   210.517   -38.77   45.74
-268940.111   189.696   -55.37   40.41
-268564.044   165.073   -65.47   31.67
-268187.977   148.766   -43.36   12.67
-267811.908   150.693     5.12   14.33
-267435.839   161.697    29.26   24.26
-267059.769   172.307    28.21   24.34
-266683.698   177.056    12.63   21.24
-266307.626   176.543    -1.36   18.48
-265931.554   172.783   -10.00    9.24
-265555.481   175.862     8.19    8.93
-265179.406   176.056     0.51    9.18
-264803.332   173.953    -5.59   12.00
-264427.256   170.915    -8.08   13.69
-264051.179   166.469   -11.82   13.04
-263675.102   162.307   -11.07   12.37
-263299.024   157.307   -13.29   10.21
-262922.945   153.307   -10.64    6.08
-262546.865   149.929    -8.98   10.63
-262170.784   135.090   -39.46   25.19
-261794.702   123.073   -31.95   29.85
-261418.620   108.832   -37.87   26.50
-261042.537    94.723   -37.51   19.93
-260666.453    87.388   -19.50    9.55
-260290.368    86.967    -1.12    7.13
-259914.282    87.520     1.47    7.17
-259538.196    89.569     5.45    6.39
-259162.108    89.685     0.31    5.64
-258786.020    88.204    -3.94    7.70
-258409.931    86.215    -5.29    7.32
-258033.841    87.958     4.63   10.57
-257657.750    92.685    12.57   14.07
-257281.659    97.469    12.72   15.67
-256905.566    98.442     2.59   17.90
-256529.473    90.982   -19.83   21.09
-256153.379    81.082   -26.33   15.20
-255777.284    75.979   -13.57   10.17
-255401.188    73.915    -5.49   11.20
-255025.091    71.928    -5.28   12.16
-254648.993    68.825    -8.25   10.47
-254272.895    67.467    -3.61    9.96
-253896.795    67.261    -0.55   11.08
-253520.695    70.685     9.10   12.90
-253144.594    73.338     7.05   14.02
-252768.492    69.859    -9.25   13.75
-252392.389    68.678    -3.14   12.26
-252016.285    64.851   -10.18   11.64
-251640.181    64.172    -1.80    8.22
-251264.075    64.799     1.67    9.37
-250887.969    64.712    -0.23   10.11
-250511.862    66.443     4.60   10.05
-250135.754    66.496     0.14    9.82
-249759.645    68.332     4.88   11.27
-249383.535    73.389    13.45   11.12
-249007.424    77.133     9.96   10.58
-248631.312    78.712     4.20   10.78
-248255.200    81.671     7.87   11.94
-247879.086    83.825     5.73   12.92
-247502.972    85.671     4.91   11.66
-247126.857    83.847    -4.85   12.68
-246750.740    78.389   -14.51   13.07
-246374.623    73.496   -13.01   10.51
-245998.505    72.631    -2.30   11.37
-245622.387    73.307     1.80   11.02
-245246.267    77.536    11.24   10.76
-244870.146    81.517    10.59    9.80
-244494.025    86.030    12.00   10.18
-244117.902    87.359     3.53    9.70
-243741.779    95.172    20.77   12.86
-243365.654    97.332     5.74   13.48
-242989.529    98.204     2.32   12.77
-242613.403    99.261     2.81   12.27
-242237.276    96.739    -6.70   11.97
-241861.148    92.152   -12.20   11.52
-241485.019    88.520    -9.65    8.96
-241108.889    88.415    -0.28    9.12
-240732.758    90.036     4.31    8.94
-240356.627    91.340     3.47    9.01
-239980.494    91.073    -0.71    7.81
-239604.361    92.280     3.21    8.75
-239228.226   100.766    22.56   20.24
-238852.091   110.998    27.20   26.71
-238475.954   117.082    16.17   27.63
-238099.817   110.261   -18.13   25.25
-237723.679    99.637   -28.24   16.56
-237347.540    94.783   -12.90    8.47
-236971.400    97.832     8.10   13.61
-236595.259   117.359    51.92   34.03
-236219.117   142.107    65.79   45.36
-235842.974   164.118    58.52   38.61
-235466.830   169.704    14.85   32.42
-235090.685   158.362   -30.15   40.16
-234714.539   139.765   -49.44   36.95
-234338.393   123.766   -42.53   25.92
-233962.245   122.865    -2.40   27.46
-233586.096   127.261    11.69   34.16
-233209.947   128.887     4.32   38.46
-232833.796   133.442    12.11   45.11
-232457.644   135.550     5.60   41.84
-232081.492   130.810   -12.60   34.62
-231705.339   152.517    57.71   41.24
-231329.184   164.443    31.70   39.95
-230953.029   164.090    -0.94   35.80
-230576.872   165.599     4.01   35.81
-230200.715   173.998    22.33   37.13
-229824.557   175.441     3.84   34.27
-229448.397   177.492     5.45   31.61
-229072.237   177.389    -0.27   33.24
-228696.076   166.470   -29.02   26.39
-228319.914   154.210   -32.59   31.06
-227943.750   131.712   -59.81   30.00
-227567.586   118.290   -35.68   27.50
-227191.421   106.928   -30.20   18.26
-226815.255    99.729   -19.14   15.89
-226439.088    93.063   -17.72   13.47
-226062.920    87.901   -13.72   12.32
-225686.750    85.523    -6.32   10.41
-225310.580    86.107     1.55   10.48
-224934.409    87.137     2.74   11.55
-224558.237    90.829     9.82   11.17
-224182.064    94.928    10.89   10.56
-223805.890    94.307    -1.65   10.47
-223429.715    92.172    -5.68   11.49
-223053.538    89.546    -6.98   12.06
-222677.361    84.953   -12.21   13.73
-222301.183    78.637   -16.79   13.79
-221925.004    71.107   -20.02   13.36
-221548.824    69.332    -4.72   11.93
-221172.643    70.569     3.29   10.88
-220796.460    72.902     6.20   12.07
-220420.277    77.915    13.33   11.52
-220044.093    82.334    11.75   13.79
-219667.908    84.036     4.53   12.94
-219291.721    84.874     2.23   12.94
-218915.534    82.125    -7.31   15.40
-218539.346    80.388    -4.62   14.42
-218163.156    83.030     7.02   17.39
-217786.966    88.466    14.45   18.36
-217410.775    98.099    25.61   21.19
-217034.582   106.604    22.61   22.92
-216658.389   115.697    24.17   18.95
-216282.194   119.928    11.25   13.80
-215905.999   116.631    -8.76   15.12
-215529.802   111.902   -12.57   16.66
-215153.605   111.739    -0.43   16.55
-214777.406   106.226   -14.66   16.64
-214401.206   101.152   -13.49   15.94
-214025.005    98.415    -7.27   14.16
-213648.804    98.492     0.20   13.47
-213272.601    99.492     2.66   13.58
-212896.397    97.776    -4.56   13.51
-212520.192    96.697    -2.87   13.86
-212143.986    94.998    -4.52   15.57
-211767.779    96.005     2.68   16.10
-211391.571    98.757     7.32   18.37
-211015.362   106.469    20.50   19.91
-210639.151   107.658     3.16   20.08
-210262.940   110.466     7.46   17.00
-209886.728   105.748   -12.54   16.92
-209510.514   103.220    -6.72   16.86
-209134.300   105.178     5.20   16.37
-208758.084    99.152   -16.02   17.11
-208381.867    97.199    -5.19   18.80
-208005.650    96.955    -0.65   18.51
-207629.431    90.729   -16.55   19.32
-207253.211    90.082    -1.72   18.28
-206876.990    86.671    -9.06   15.63
-206500.768    82.832   -10.21   13.09
-206124.545    83.825     2.64   14.49
-205748.321    83.609    -0.57   16.50
-205372.096    88.362    12.63   18.13
-204995.869    91.697     8.86   16.34
-204619.642    94.678     7.92   14.81
-204243.413    96.685     5.33   17.37
-203867.184    96.799     0.30   19.21
-203490.953   100.415     9.61   20.28
-203114.721   100.334    -0.22   18.50
-202738.488   101.440     2.94   16.65
-202362.254    99.577    -4.95   17.23
-201986.019    93.036   -17.38   17.65
-201609.783    86.307   -17.89   19.46
-201233.546    74.554   -31.24   15.21
-200857.307    69.107   -14.48   15.58
-200481.068    63.990   -13.60   13.41
-200104.827    62.220    -4.70   12.24
-199728.586    62.890     1.78    9.68
-199352.343    69.099    16.50   17.18
-198976.099    72.204     8.25   16.85
-198599.854    76.836    12.31   19.17
-198223.608    77.941     2.94   18.13
-197847.360    80.915     7.90   19.01
-197471.112    86.665    15.28   19.85
-197094.862    83.748    -7.75   18.84
-196718.752    86.758     8.00   20.32
-196342.720    89.235     6.59   19.95
-195966.688    85.569    -9.75   16.81
-195590.654    85.307    -0.70   14.55
-195214.620    82.847    -6.54   13.32
-194838.584    81.712    -3.02   12.17
-194462.547    87.415    15.17   12.64
-194086.509    91.697    11.39   13.88
-193710.470    92.712     2.70   13.58
-193334.430    91.364    -3.59   12.08
-192958.388    91.073    -0.77   12.43
-192582.346    86.810   -11.34   11.26
-192206.302    84.631    -5.79   10.85
-191830.257    85.876     3.31   12.17
-191454.211    81.915   -10.53   14.77
-191078.164    78.887    -8.05   15.92
-190702.116    77.599    -3.43   14.43
-190326.066    77.109    -1.30   13.42
-189950.016    76.620    -1.30   12.02
-189573.964    73.594    -8.05   13.18
-189197.911    72.238    -3.61   14.94
-188821.857    69.928    -6.14   14.29
-188445.802    74.577    12.36   15.18
-188069.745    82.577    21.27   12.84
-187693.688    86.040     9.21   14.19
-187317.629    86.415     1.00   14.80
-186941.569    85.312    -2.93   13.51
-186565.508    86.082     2.05   13.81
-186189.446    84.748    -3.55   14.01
-185813.383    85.253     1.34   13.53
-185437.318    81.620    -9.66   13.29
-185061.252    76.889   -12.58   14.83
-184685.185    74.748    -5.69   14.75
-184309.117    71.469    -8.72   15.69
-183933.048    71.804     0.89   15.77
-183556.978    72.415     1.62   15.91
-183180.906    69.389    -8.05   14.12
-182804.833    69.227    -0.43   10.87
-182428.759    72.573     8.90   13.18
-182052.684    79.199    17.62   13.61
-181676.608    82.443     8.63   13.73
-181300.530    85.466     8.04   14.06
-180924.451    86.172     1.88   14.74
-180548.371    84.697    -3.92   14.24
-180172.290    83.415    -3.41   13.12
-179796.208    84.020     1.61   13.19
-179420.124    86.091     5.51   14.06
-179044.040    84.287    -4.80   16.22
-178667.954    83.748    -1.43   16.66
-178291.867    81.776    -5.24   16.97
-177915.778    83.874     5.58   15.44
-177539.689    86.009     5.68   11.47
-177163.598    88.496     6.61   12.43
-176787.506    89.073     1.53   12.51
-176411.413    88.885    -0.50   12.81
-176035.318    87.740    -3.05   12.13
-175659.223    85.862    -4.99   12.32
-175283.126    84.026    -4.88   13.35
-174907.028    81.671    -6.26   12.79
-174530.928    79.685    -5.28   11.43
-174154.828    78.099    -4.22    8.60
-173778.726    79.073     2.59    7.70
-173402.623    80.825     4.66    7.58
-173026.519    84.685    10.26    8.62
-172650.414    87.941     8.66    9.14
-172274.307    93.115    13.76    9.43
-171898.199    96.586     9.23    6.99
-171522.090    95.334    -3.33    6.87
-171145.980    93.280    -5.46    7.11
-170769.868    91.901    -3.66    6.60
-170393.755    93.739     4.89    9.39
-170017.641    94.701     2.56    9.84
-169641.526    96.815     5.62    9.26
-169265.409   103.678    18.25   20.15
-168889.292   117.063    35.59   38.63
-168513.172   126.158    24.18   40.12
-168137.052   133.810    20.34   40.09
-167760.931   135.799     5.29   38.41
-167384.808   125.496   -27.39   28.30
-167008.684   118.697   -18.08   24.08
-166632.558   111.082   -20.25   17.99
-166256.432   103.783   -19.40   14.77
-165880.304    99.915   -10.28   13.23
-165504.175    97.540    -6.31   11.28
-165128.045    94.620    -7.76   11.90
-164751.913    94.469    -0.40   12.25
-164375.780    94.928     1.22   12.80
-163999.646    95.712     2.08   11.51
-163623.510    95.443    -0.72    9.77
-163247.374    99.099     9.72   10.23
-162871.236    99.261     0.43    7.25
-162495.097    99.577     0.84    7.29
-162118.956   101.543     5.23    7.63
-161742.814    95.287   -16.63   12.99
-161366.671    89.543   -15.27   15.38
-160990.527    85.145   -11.69   16.94
-160614.381    84.338    -2.14   17.46
-160238.234    83.496    -2.24   16.20
-159862.086    87.280    10.06   15.86
-159485.936    91.955    12.43   14.73
-159109.786    92.415     1.22   13.61
-158733.633    82.671   -25.90   17.81
-158357.480    77.494   -13.76   16.85
-157981.325    74.609    -7.67   13.99
-157605.169    79.793    13.78   16.31
-157229.012    85.470    15.09   15.44
-156852.854    87.862     6.36   15.06
-156476.694    87.466    -1.05   14.15
-156100.532    88.226     2.02   13.61
-155724.370    94.671    17.13   15.90
-155348.206   101.338    17.72   14.56
-154972.041   104.152     7.48   12.26
-154595.875   106.766     6.95   10.60
-154219.707   106.590    -0.47   12.02
-153843.538   106.199    -1.04   13.69
-153467.367   109.469     8.69   15.89
-153091.196   104.334   -13.65   17.13
-152715.023   100.621    -9.87   15.67
-152338.848    97.312    -8.79   12.12
-151962.673   100.158     7.57   13.05
-151586.496   102.165     5.33   12.16
-151210.318    99.994    -5.77   12.38
-150834.138    96.887    -8.26   11.08
-150457.957    94.467    -6.43    8.98
-150081.775    94.569     0.27   10.19
-149705.591    94.550    -0.05   12.61
-149329.406    91.678    -7.63   13.05
-148953.220    91.494    -0.49   13.22
-148577.032    89.015    -6.59   13.19
-148200.843    87.280    -4.61   12.97
-147824.653    87.774     1.31   13.24
-147448.461    86.543    -3.27   12.83
-147072.268    85.874    -1.78   12.56
-146696.074    82.820    -8.12   12.78
-146319.878    81.577    -3.30   11.45
-145943.681    81.362    -0.57   11.09
-145567.483    82.030     1.78   10.88
-145191.283    84.026     5.30   10.05
-144815.082    84.715     1.83   12.66
-144438.879    82.099    -6.95   14.55
-144062.676    82.554     1.21   14.29
-143686.470    82.836     0.75   16.62
-143310.264    81.492    -3.57   16.39
-142934.056    84.389     7.70   14.03
-142557.847    83.204    -3.15   15.47
-142181.636    80.235    -7.89   13.98
-141805.424    75.582   -12.37   14.85
-141429.211    71.465   -10.94   13.34
-141052.996    70.748    -1.90   12.55
-140676.780    68.529    -5.90   13.04
-140300.562    68.550     0.06   12.10
-139924.343    70.253     4.53   11.41
-139548.123    72.604     6.25   11.55
-139171.901    71.046    -4.14   10.81
-138795.678    72.442     3.71   11.66
-138419.454    71.840    -1.60   12.67
-138043.228    72.492     1.73   13.18
-137667.001    71.199    -3.44   13.78
-137290.773    71.625     1.13   14.04
-136914.543    68.810    -7.48   14.74
-136538.311    67.099    -4.55   13.91
-136162.079    67.137     0.10   15.00
-135785.844    62.261   -12.96   13.48
-135409.609    60.165    -5.57   13.68
-135033.372    59.415    -1.99   13.87
-134657.134    61.312     5.04   16.47
-134280.894    64.591     8.72   16.40
-133904.653    64.280    -0.83   14.58
-133528.410    60.847    -9.12   13.56
-133152.166    58.046    -7.44   11.45
-132775.921    55.257    -7.41   11.91
-132399.674    55.609     0.94   12.80
-132023.426    49.312   -16.74   13.41
-131647.176    45.389   -10.43   11.57
-131270.925    46.362     2.59   12.89
-130894.673    52.467    16.23   12.82
-130518.419    58.599    16.30   11.03
-130142.164    62.492    10.35   11.87
-129765.907    67.577    13.52   15.60
-129389.649    73.979    17.01   20.08
-129013.389    80.970    18.58   20.65
-128637.128    83.851     7.66   19.87
-128260.866    83.466    -1.02   17.78
-127884.602    78.352   -13.59   16.52
-127508.337    70.107   -21.91   14.82
-127132.070    63.334   -18.00   15.06
-126755.802    62.523    -2.15   16.15
-126379.532    63.364     2.23   18.98
-126003.261    63.832     1.24   20.10
-125626.989    60.902    -7.79   18.68
-125250.715    60.825    -0.20   17.54
-124874.440    58.550    -6.05   17.60
-124498.163    57.594    -2.54   17.96
-124121.885    56.184    -3.75   19.35
-123745.605    50.646   -14.72   18.22
-123369.324    45.226   -14.40   16.88
-122993.041    41.261   -10.54   15.04
-122616.757    37.496   -10.01    7.69
-122240.472    41.520    10.69   10.86
-121864.185    46.172    12.36   10.56
-121488.175    47.134     2.56   11.57
-121112.178    49.056     5.11   10.86
-120736.179    53.599    12.08   15.11
-120360.180    57.859    11.33   16.27
-119984.178    65.133    19.34   16.17
-119608.176    70.859    15.23   12.90
-119232.171    73.748     7.68   12.44
-118856.166    75.757     5.34   10.78
-118480.158    78.577     7.50   10.70
-118104.150    77.967    -1.62   12.76
-117728.140    77.953    -0.04   12.28
-117352.128    78.464     1.36   12.39
-116976.115    79.334     2.31   12.61
-116600.100    81.184     4.92   12.55
-116224.084    79.310    -4.99   10.51
-115848.067    80.307     2.65   11.02
-115472.048    77.901    -6.40   13.50
-115096.027    78.529     1.67   14.17
-114720.005    76.569    -5.21    8.60
-114343.982    78.040     3.91    8.51
-113967.957    80.582     6.76    7.89
-113591.931    80.902     0.85    8.06
-113215.903    79.193    -4.55    9.05
-112839.873    74.731   -11.87   10.41
-112463.842    71.107    -9.64    8.95
-112087.810    71.494     1.03    8.73
-111711.776    70.063    -3.80    8.94
-111335.740    68.862    -3.19   10.41
-110959.703    67.190    -4.45   11.97
-110583.665    62.982   -11.19   12.16
-110207.625    63.723     1.97   12.65
-109831.583    64.020     0.79   11.60
-109455.540    62.199    -4.84   11.58
-109079.496    60.361    -4.89   10.23
-108703.450    58.026    -6.21   10.68
-108327.402    53.056   -13.22   10.68
-107951.353    48.040   -13.34   10.48
-107575.303    46.082    -5.21    7.90
-107199.251    47.690     4.28    8.61
-106823.197    50.889     8.51    8.97
-106447.142    50.466    -1.12    9.17
-106071.085    44.520   -15.81   10.69
-105695.027    41.362    -8.40   10.20
-105318.967    40.498    -2.30    8.27
-104942.906    44.793    11.42   12.79
-104566.843    53.941    24.33   18.20
-104190.779    57.872    10.45   19.94
-103814.713    61.261     9.01   19.86
-103438.645    57.902    -8.93   17.26
-103062.576    53.793   -10.93   13.49
-102686.506    54.388     1.58   14.24
-102310.434    56.442     5.46   13.77
-101934.360    57.005     1.50   10.80
-101558.285    61.005    10.64    7.91
-101182.208    62.955     5.19    7.23
-100806.130    63.338     1.02    8.27
-100430.050    63.704     0.97    9.56
-100053.969    62.757    -2.52    8.92
 -99677.886    62.361    -1.05    8.26
 -99301.802    64.235     4.98    9.21
 -98925.716    65.599     3.63    8.17
 -98549.628    66.832     3.28    7.72
 -98173.539    69.599     7.36    7.74
 -97797.448    70.637     2.76    7.44
 -97421.356    73.697     8.14    9.45
 -97045.262    77.774    10.84    9.54
 -96669.167    78.643     2.31   10.19
 -96293.070    79.766     2.99   10.93
 -95916.971    76.118    -9.70   13.68
 -95540.871    75.388    -1.94   14.03
 -95164.769    74.240    -3.05   12.22
 -94788.666    74.388     0.39   11.04
 -94412.561    74.941     1.47   11.45
 -94036.455    73.152    -4.76   11.59
 -93660.347    69.287   -10.28   12.19
 -93284.237    68.658    -1.67   10.89
 -92908.126    69.082     1.13   10.84
 -92532.013    74.257    13.76   14.98
 -92155.898    76.609     6.25   14.36
 -91779.782    77.009     1.06   15.13
 -91403.665    74.165    -7.56   17.30
 -91027.546    70.441    -9.90   14.31
 -90651.425    71.671     3.27   15.22
 -90275.303    72.915     3.31   14.41
 -89899.179    73.020     0.28   12.53
 -89523.053    72.118    -2.40   12.02
 -89146.926    71.720    -1.06   12.19
 -88770.797    68.287    -9.13   13.35
 -88394.667    65.231    -8.12   14.04
 -88018.535    60.979   -11.30   13.10
 -87642.401    59.799    -3.14   14.37
 -87266.266    63.312     9.34   15.28
 -86890.129    61.685    -4.33   14.18
 -86513.990    63.851     5.76   14.56
 -86137.850    65.158     3.48   14.26
 -85761.709    62.109    -8.11   13.42
 -85385.565    61.334    -2.06   11.11
 -85009.420    65.577    11.28   12.30
 -84633.274    66.577     2.66   12.05
 -84257.126    68.184     4.27    9.93
 -83880.976    64.591    -9.55   11.98
 -83504.824    61.190    -9.04   12.96
 -83128.671    59.125    -5.49   12.36
 -82752.517    60.387     3.35   14.13
 -82376.360    62.338     5.19   12.85
 -82000.202    60.793    -4.11   13.97
 -81624.043    57.184    -9.59   13.67
 -81247.881    58.152     2.57   14.33
 -80871.719    61.389     8.61   15.88
 -80495.554    65.280    10.34   15.58
 -80119.388    68.862     9.52   12.76
 -79743.220    71.340     6.59   10.41
 -79367.050    73.193     4.93    7.32
 -78990.879    72.793    -1.06    7.27
 -78614.707    75.766     7.90   10.32
 -78238.532    75.226    -1.44   11.16
 -77862.356    75.901     1.80   13.27
 -77486.178    72.843    -8.13   15.60
 -77109.999    70.140    -7.19   14.12
 -76733.818    70.125    -0.04   15.04
 -76357.635    68.063    -5.48   13.02
 -75981.451    66.466    -4.25    9.76
 -75605.265    68.125     4.41   11.05
 -75229.077    67.336    -2.10   13.32
 -74852.887    69.099     4.69   15.46
 -74476.696    72.440     8.88   16.63
 -74100.504    78.304    15.59   14.34
 -73724.309    80.178     4.98   12.96
 -73348.113    83.015     7.54   14.44
 -72971.915    83.415     1.06   13.02
 -72595.716    83.652     0.63   11.41
 -72219.515    82.118    -4.08   11.32
 -71843.312    80.739    -3.66   10.95
 -71467.107    76.658   -10.85   10.59
 -71090.901    74.637    -5.37   12.10
 -70714.693    70.543   -10.88   12.57
 -70338.484    68.133    -6.41   12.31
 -69962.273    68.836     1.87   10.91
 -69586.060    72.825    10.60   13.93
 -69209.845    76.594    10.02   14.19
 -68833.629    74.158    -6.47   18.66
 -68457.411    68.658   -14.62   21.89
 -68081.191    67.415    -3.30   21.55
 -67704.970    62.832   -12.18   21.73
 -67328.746    66.310     9.24   20.75
 -66952.522    68.836     6.71   17.69
 -66576.295    66.172    -7.08   13.00
 -66200.067    63.338    -7.53   13.53
 -65823.837    63.994     1.74   14.36
 -65447.605    68.332    11.53   13.19
 -65071.372    69.226     2.38   12.45
 -64695.137    68.498    -1.93   11.63
 -64318.900    69.967     3.91   12.00
 -63942.661    71.915     5.18   13.22
 -63566.421    71.063    -2.26   14.15
 -63190.179    67.671    -9.02   15.91
 -62813.935    63.546   -10.96   15.76
 -62437.690    63.389    -0.42   17.80
 -62061.443    67.658    11.35   18.15
 -61685.194    71.565    10.38   15.37
 -61308.943    68.766    -7.44   14.07
 -60932.691    72.172     9.05   15.56
 -60556.437    72.442     0.72   15.49
 -60180.181    72.501     0.16   15.65
 -59803.923    70.876    -4.32   10.88
 -59427.664    69.287    -4.23    8.16
 -59051.403    69.470     0.49    7.48
 -58675.140    70.550     2.87    9.04
 -58298.876    70.766     0.57    8.21
 -57922.610    69.836    -2.47    9.22
 -57546.342    68.115    -4.57    8.62
 -57170.072    66.415    -4.52    8.79
 -56793.800    67.520     2.94    8.74
 -56417.527    68.231     1.89   10.11
 -56041.252    65.825    -6.39   10.61
 -55664.975    66.523     1.85   11.46
 -55288.697    66.065    -1.22   11.57
 -54912.416    65.152    -2.43    9.71
 -54536.134    65.793     1.70    9.49
 -54159.851    67.550     4.67    9.50
 -53783.565    68.470     2.45    9.36
 -53407.278    68.748     0.74   11.27
 -53030.989    69.210     1.23   11.08
 -52654.698    68.472    -1.96   10.28
 -52278.405    66.599    -4.98   10.64
 -51902.111    65.496    -2.93    9.72
 -51525.814    65.804     0.82   11.25
 -51149.516    65.364    -1.17   11.09
 -50773.217    62.599    -7.35   11.69
 -50396.915    61.902    -1.85   12.05
 -50020.612    60.441    -3.88   11.27
 -49644.307    58.865    -4.19   11.08
 -49268.000    55.523    -8.88   11.15
 -48891.691    51.590   -10.45   10.94
 -48515.381    48.774    -7.48    9.67
 -48139.069    48.165    -1.62    9.58
 -47762.754    50.145     5.26   10.08
 -47386.439    54.280    10.99    8.80
 -47010.121    52.172    -5.60    9.61
 -46633.895    53.005     2.21   10.35
 -46257.930    54.386     3.68   11.26
 -45881.963    55.440     2.80   12.34
 -45505.994    59.152     9.87   11.75
 -45130.024    59.248     0.26   11.56
 -44754.052    60.517     3.38   11.38
 -44378.078    58.862    -4.40   11.40
 -44002.102    54.889   -10.57   11.58
 -43626.124    51.310    -9.52   11.33
 -43250.145    50.543    -2.04   11.91
 -42874.163    49.172    -3.65   11.88
 -42498.180    49.415     0.65   12.01
 -42122.196    52.515     8.24   12.62
 -41746.209    56.387    10.30   12.25
 -41370.220    55.712    -1.80   12.24
 -40994.230    52.253    -9.20   12.96
 -40618.238    48.063   -11.14   13.10
 -40242.244    45.036    -8.05   11.27
 -39866.248    44.526    -1.36   11.28
 -39490.250    45.940     3.76   10.61
 -39114.251    47.757     4.83    9.70
 -38738.250    43.766   -10.61   10.97
 -38362.247    39.517   -11.30   10.76
 -37986.242    39.967     1.20   12.10
 -37610.235    43.231     8.68   14.46
 -37234.226    45.847     6.96   13.97
 -36858.216    45.851     0.01   12.39
 -36482.204    44.193    -4.41   11.50
 -36106.189    43.287    -2.41   10.07
 -35730.173    44.774     3.96   10.24
 -35354.156    48.297     9.37    9.74
 -34978.136    52.847    12.10    9.09
 -34602.114    53.469     1.65    8.62
 -34226.091    52.063    -3.74    9.68
 -33850.066    48.253   -10.13    9.95
 -33474.039    45.766    -6.61    9.82
 -33098.010    42.723    -8.09    9.98
 -32721.979    40.543    -5.80   10.48
 -32345.946    37.652    -7.69    9.76
 -31969.912    36.310    -3.57   10.66
 -31593.876    35.757    -1.47   10.42
 -31217.837    35.825     0.18   10.09
 -30841.797    32.982    -7.56   11.40
 -30465.755    27.492   -14.60   16.16
 -30089.712    17.332   -27.02   14.65
 -29713.666    10.184   -19.01   11.90
 -29337.618     4.851   -14.18    5.85
 -28961.569     5.884     2.75    6.40
 -28585.518     8.825     7.82    8.89
 -28209.464    10.847     5.38   10.39
 -27833.409    12.982     5.68   11.68
 -27457.352    13.389     1.08   12.60
 -27081.294    14.720     3.54   12.99
 -26705.233    20.799    16.17   12.48
 -26329.170    25.030    11.25   10.68
 -25953.106    28.036     7.99    7.70
 -25577.039    29.107     2.85    6.65
 -25200.971    30.210     2.93    6.41
 -24824.901    29.851    -0.95    6.77
 -24448.829    28.145    -4.54    5.71
 -24072.755    29.005     2.29    7.03
 -23696.679    28.145    -2.29    8.08
 -23320.601    30.046     5.06    8.23
 -22944.522    31.967     5.11    9.99
 -22568.440    34.571     6.92    8.93
 -22192.357    35.594     2.72    7.41
 -21816.271    36.520     2.46    5.86
 -21440.184    36.970     1.20    4.76
 -21064.095    36.184    -2.09    4.74
 -20688.004    34.915    -3.37    4.71
 -20311.911    32.723    -5.83    4.44
 -19935.816    30.573    -5.72    4.31
 -19559.719    28.793    -4.73    4.60
 -19183.620    25.889    -7.72    4.25
 -18807.520    24.184    -4.53    4.09
 -18431.417    24.440     0.68    4.69
 -18055.313    24.470     0.08    5.50
 -17679.206    25.889     3.77    5.11
 -17303.098    24.204    -4.48    7.68
 -16926.987    23.793    -1.09    8.81
 -16550.875    23.874     0.22    8.53
 -16174.761    24.268     1.05    7.49
 -15798.645    24.261    -0.02    6.93
 -15422.527    23.338    -2.45    6.57
 -15046.407    21.248    -5.56    6.74
 -14670.285    21.158    -0.24    6.70
 -14294.161    21.804     1.72    7.66
 -13918.035    25.441     9.67    8.12
 -13541.908    27.158     4.57    7.68
 -13165.778    28.046     2.36    6.84
 -12789.646    30.125     5.53    6.14
 -12413.513    30.928     2.13    6.04
 -12037.377    32.065     3.02    6.20
 -11661.240    32.334     0.71    6.26
 -11285.101    28.492   -10.21    9.46
 -10908.959    22.046   -17.14   11.59
 -10532.816    17.226   -12.82   10.76
 -10156.670    16.685    -1.44   10.96
  -9780.523    21.582    13.02   13.90
  -9404.374    27.158    14.83   13.29
  -9028.223    27.890     1.94   11.30
  -8652.070    27.498    -1.04   10.68
  -8275.915    25.312    -5.81    8.95
  -7899.757    24.109    -3.20    8.58
  -7523.598    25.125     2.70    9.06
  -7147.437    27.030     5.06    9.60
  -6771.274    28.178     3.05    8.63
  -6395.109    29.982     4.80    5.90
  -6018.942    29.967    -0.04    4.96
  -5642.774    29.365    -1.60    5.27
  -5266.603    28.915    -1.20    4.95
  -4890.430    29.990     2.86    5.36
  -4514.255    31.257     3.37    4.85
  -4138.078    32.118     2.29    4.73
  -3761.899    30.928    -3.16    5.45
  -3385.718    30.137    -2.10    6.04
  -3009.535    27.364    -7.37    7.77
  -2633.351    24.790    -6.84    7.02
  -2257.164    23.982    -2.15    5.42
  -1880.975    21.290    -7.16    5.85
  -1504.784    17.415   -10.30    9.93
  -1128.591    11.125   -16.72   12.62
   -752.396     4.415   -17.84   12.03
   -376.200     2.415    -5.32    9.95
     -0.001     3.204     2.10    9.58
    376.200     8.720    14.66   10.50
    752.403    13.671    13.16    8.80
   1128.608    17.109     9.14    7.92
   1504.815    20.184     8.17    6.60
   1881.024    20.748     1.50    5.37
   2257.235    21.554     2.14    4.52
   2633.448    22.604     2.79    3.96
   3009.662    23.304     1.86    3.79
   3385.879    23.678     0.99    3.83
   3762.098    24.210     1.41    4.11
   4138.319    24.253     0.11    4.43
   4514.542    24.082    -0.45    4.96
   4890.768    23.774    -0.82    5.93
   5266.995    24.073     0.79    6.61
   5643.224    25.118     2.78    7.60
   6019.455    25.005    -0.30    7.38
   6395.688    28.107     8.25    7.56
   6771.923    32.637    12.04    9.48
   7148.161    35.466     7.52    8.70
   7524.400    37.109     4.37    7.95
   7900.641    33.836    -8.70    9.26
   8276.885    26.415   -19.72    8.41
   8653.130    20.446   -15.86    8.52
   9029.378    15.226   -13.88    7.52
   9405.627    11.020   -11.18    7.47
   9781.879     8.118    -7.71    6.51
  10158.132     7.620    -1.32    6.70
  10534.388     8.054     1.15    6.90
  10910.646     8.594     1.44    7.01
  11286.906     8.466    -0.34    6.81
  11663.167     7.517    -2.52    6.16
  12039.431     7.901     1.02    5.68
  12415.697     8.748     2.25    4.68
  12791.965     8.133    -1.64    3.63
  13168.236     7.387    -1.98    2.26
  13544.508     7.543     0.41    2.12
  13920.782     8.307     2.03    2.37
  14297.058     9.073     2.04    2.40
  14673.337     9.261     0.50    1.91
  15049.617     9.602     0.91    3.39
  15425.900    10.723     2.98    4.60
  15802.184    10.748     0.07    3.96
  16178.471    10.442    -0.81    3.00
  16554.760    10.979     1.43    2.37
  16931.051    11.496     1.37    2.43
  17307.344    11.517     0.06    3.13
  17683.639    11.928     1.09    3.60
  18059.936    13.152     3.25    5.08
  18436.235    18.678    14.69   13.92
  18812.536    29.953    29.96   22.96
  19188.840    46.184    43.13   34.40
  19565.145    67.739    57.28   44.74
  19941.453    81.783    37.32   48.20
  20317.763    95.820    37.30   47.60
  20694.074   109.307    35.84   42.27
  21070.388   117.442    21.62   42.25
  21446.704   121.977    12.05   40.17
  21823.022   103.056   -50.28   44.98
  22199.342    78.287   -65.82   40.81
  22575.665    63.498   -39.30   28.98
  22951.989    57.697   -15.42   23.43
  23328.316    70.082    32.91   32.22
  23704.644    76.210    16.28   28.37
  24080.975    77.573     3.62   32.67
  24457.308    71.253   -16.79   37.84
  24833.643    67.172   -10.84   38.63
  25209.980    66.261    -2.42   48.75
  25586.319    70.049    10.07   51.09
  25962.661    63.109   -18.44   51.11
  26339.004    51.543   -30.73   49.22
  26715.350    33.967   -46.70   35.08
  27091.698    23.766   -27.11   22.00
  27468.048    14.442   -24.78   12.43
  27844.400     9.586   -12.90    9.33
  28220.754     6.517    -8.15    5.84
  28596.866     5.015    -4.00    2.99
  28972.796     4.982    -0.09    3.04
  29348.729     5.466     1.29    2.86
  29724.663     6.137     1.78    2.09
  30100.600     6.099    -0.10    2.45
  30476.538     6.620     1.39    3.09
  30852.479     6.889     0.71    3.64
  31228.422     7.685     2.12    4.59
  31604.367    15.082    19.67   22.13
  31980.314    19.915    12.86   27.18
  32356.264    17.982    -5.14   22.26
  32732.215    13.799   -11.13   14.00
  33108.169     9.739   -10.80    5.65
  33484.125     8.469    -3.38    4.81
  33860.083     6.334    -5.68    3.68
  34236.043     5.358    -2.60    4.08
  34612.005     4.543    -2.17    4.70
  34987.970     3.715    -2.20    5.16
  35363.937     3.109    -1.61    5.15
  35739.905     1.697    -3.76    4.53
  36115.876     1.283    -1.10    4.18
  36491.850     0.825    -1.22    3.70
  36867.825     0.415    -1.09    3.39
  37243.802     0.364    -0.14    3.62
  37619.782     0.470     0.28    4.01
  37995.764     2.520     5.45    6.76
  38371.748     2.902     1.02    6.71
  38747.734     2.248    -1.74    4.10
  39123.722     4.056     4.81    8.70
  39499.713     4.020    -0.10    9.91
  39875.706     2.874    -3.05    8.96
  40251.701     0.145    -7.26    3.12
  40627.698    -0.234    -1.01    3.70
  41003.697     0.338     1.52    5.89
  41379.699     0.140    -0.53    5.94
  41755.702    -1.639    -4.73    2.72
  42131.708    -2.335    -1.85    1.53
  42507.716    -2.454    -0.31    1.56
  42883.726    -2.243     0.56    1.51
  43259.739    -1.612     1.68    2.19
  43635.754    -1.985    -0.99    1.89
  44011.770    -1.724     0.69    1.90
  44387.789    -1.585     0.37    1.81
  44763.811    -1.296     0.77    2.00
  45139.834    -1.671    -1.00    1.69
  45515.860    -1.534     0.36    1.61
  45891.888    -1.816    -0.75    1.42
  46267.918    -1.891    -0.20    1.35
  46643.950     0.604     6.63    5.59
  47019.985     6.577    15.88   11.41
  47396.021    24.415    47.44   31.01
  47772.060    59.665    93.74   50.58
  48148.102    98.009   101.97   54.18
  48524.145   124.748    71.11   43.19
  48900.191   127.020     6.04   52.53
  49276.239    99.915   -72.08   67.18
  49652.289    63.901   -95.77   59.28
  50028.341    35.640   -75.15   41.69
  50404.395    15.152   -54.48   17.44
  50780.452     7.415   -20.57    4.33
  51156.511     4.739    -7.12    4.61
  51532.573     1.637    -8.25    4.65
  51908.636    -0.816    -6.52    3.34
  52284.702    -1.944    -3.00    2.92
  52660.770    -2.728    -2.08    1.73
  53036.840    -2.288     1.17    2.68
  53412.912    -2.909    -1.65    2.78
  53788.987    -3.207    -0.79    2.46
  54165.064    -3.035     0.46    2.40
  54541.143    -3.315    -0.74    1.45
  54917.225    -3.427    -0.30    1.31
  55293.308    -3.480    -0.14    1.01
  55669.394    -3.483    -0.01    1.23
  56045.483    -3.396     0.23    1.31
  56421.573    -3.585    -0.50    1.32
  56797.666    -3.743    -0.42    1.52
  57173.761    -4.030    -0.76    1.50
  57549.858    -3.747     0.75    1.82
  57925.958    -3.946    -0.53    1.87
  58302.059    -3.560     1.03    1.95
  58678.163    -3.893    -0.89    1.91
  59054.270    -4.115    -0.59    1.83
  59430.378    -4.342    -0.60    1.66
  59806.489    -4.261     0.22    1.63
  60182.602    -4.072     0.50    1.59
  60558.718    -3.636     1.16    1.67
  60934.836    -3.315     0.85    1.88
  61310.956    -3.354    -0.11    1.63
  61687.078    -3.190     0.44    1.55
  62063.202    -2.918     0.72    1.26
  62439.329    -2.774     0.38    1.37
  62815.458    -2.707     0.18    1.27
  63191.590    -2.713    -0.02    1.36
  63567.723    -2.724    -0.03    1.27
  63943.859    -2.288     1.16    1.65
  64319.998    -1.964     0.86    1.96
  64696.138    -1.558     1.08    1.89
  65072.281    -1.354     0.54    1.91
  65448.426    -1.203     0.40    1.67
  65824.574    -0.867     0.89    1.39
  66200.724    -0.533     0.89    1.43
  66576.876    -0.502     0.08    1.38
  66953.030    -0.277     0.60    1.44
  67329.187    -0.558    -0.75    1.86
  67705.346    -1.201    -1.71    2.34
  68081.507    -1.431    -0.61    2.51
  68457.671    -1.816    -1.02    2.25
  68833.837    -1.720     0.25    2.28
  69210.005    -1.842    -0.32    2.17
  69586.176    -1.688     0.41    1.80
  69962.349    -1.780    -0.24    1.74
  70338.524    -1.666     0.30    2.05
  70714.702    -1.666     0.00    2.22
  71090.882    -1.477     0.50    2.58
  71467.064    -1.611    -0.36    2.66
  71843.248    -2.014    -1.07    2.32
  72219.435    -2.760    -1.98    2.18
  72595.624    -1.980     2.07    3.24
  72971.816    -0.531     3.85    5.37
  73348.010     4.646    13.76   10.01
  73724.206     8.073     9.11   10.41
  74100.405    13.073    13.29    9.51
  74476.606    15.704     7.00    6.29
  74852.809    16.005     0.80    4.75
  75229.014    13.712    -6.09    6.79
  75605.222     9.941   -10.02    8.80
  75981.433     8.240    -4.52    9.74
  76357.645     4.101   -11.00    9.93
  76733.860     1.550    -6.78    9.68
  77110.078    -1.612    -8.41    8.94
  77486.297    -5.423   -10.13    5.68
  77862.519    -7.585    -5.75    0.00
  78238.744    -7.585     0.00    0.00
  78614.971    -7.585     0.00    0.00
  78991.200    -7.585     0.00    0.00
  79367.431    -7.585     0.00    0.00
  79743.665    -7.585     0.00    0.00
  80119.901    -7.585     0.00    0.00
  80496.140    -7.585     0.00    0.00
  80872.381    -7.585     0.00    0.00
  81248.624    -7.585     0.00    0.00
  81624.870    -7.585     0.00    0.00
  82001.118    -7.585     0.00    0.00
  82377.369    -7.585     0.00    0.00
  82753.621    -7.585     0.00    0.00
  83129.877    -7.585     0.00    0.00
  83506.134    -7.585     0.00    0.00
  83882.394    -7.585     0.00    0.00
  84258.657    -7.585     0.00    0.00
  84634.921    -7.585     0.00    0.00
  85011.189    -7.585     0.00    0.00
  85387.458    -7.585     0.00    0.00
  85763.730    -7.585     0.00    0.00
  86140.005    -7.585     0.00    0.00
  86516.281    -7.585     0.00    0.00
  86892.560    -7.585     0.00    0.00
  87268.842    -7.585     0.00    0.00
  87645.126    -7.585     0.00    0.00
  88021.412    -7.585     0.00    0.00
  88397.701    -7.585     0.00    0.00
  88773.992    -7.585     0.00    0.00
  89150.286    -7.585     0.00    0.00
  89526.582    -7.585     0.00    0.00
  89902.880    -7.585     0.00    0.00
  90279.181    -7.585     0.00    0.00
  90655.484    -7.585     0.00    0.00
  91031.790    -7.585     0.00    0.00
  91408.098    -7.585     0.00    0.00
  91784.408    -7.585     0.00    0.00
  92160.721    -7.585     0.00    0.00
  92537.037    -7.585     0.00    0.00
  92913.354    -7.585     0.00    0.00
  93289.675    -7.585     0.00    0.00
  93665.997    -7.585     0.00    0.00
  94042.322    -7.585     0.00    0.00
  94418.650    -7.585     0.00    0.00
  94794.980    -7.585     0.00    0.00
  95171.312    -7.585     0.00    0.00
  95547.647    -7.585     0.00    0.00
  95923.984    -7.585     0.00    0.00
  96300.324    -7.585     0.00    0.00
  96676.666    -7.585     0.00    0.00
  97053.010    -7.585     0.00    0.00
  97429.357    -7.585     0.00    0.00
  97805.707    -7.585     0.00    0.00
  98182.059    -7.585     0.00    0.00
  98558.413    -7.585     0.00    0.00
  98934.770    -7.585     0.00    0.00
  99311.129    -7.585     0.00    0.00
  99687.491    -7.585     0.00    0.00
 100063.855    -7.585     0.00    0.00
 100440.222    -7.585     0.00    0.00
 100816.591    -7.585     0.00    0.00
 101192.962    -7.585     0.00    0.00
 101569.336    -7.585     0.00    0.00
 101945.713    -7.585     0.00    0.00
 102322.092    -7.585     0.00    0.00
 102698.473    -7.585     0.00    0.00
 103074.857    -7.585     0.00    0.00
 103451.244    -7.585     0.00    0.00
 103827.209    -7.585     0.00    0.00
 104203.115    -7.585     0.00    0.00
 104579.022    -7.585     0.00    0.00
 104954.933    -7.585     0.00    0.00
 105330.846    -7.585     0.00    0.00
 105706.761    -7.585     0.00    0.00
 106082.679    -7.585     0.00    0.00
 106458.599    -7.585     0.00    0.00
 106834.522    -7.585     0.00    0.00
 107210.447    -7.585     0.00    0.00
 107586.375    -7.585     0.00    0.00
 107962.305    -7.585     0.00    0.00
 108338.238    -7.585     0.00    0.00
 108714.173    -7.585     0.00    0.00
 109090.111    -7.585     0.00    0.00
 109466.051    -7.585     0.00    0.00
 109841.994    -7.585     0.00    0.00
 110217.939    -7.585     0.00    0.00
 110593.887    -7.585     0.00    0.00
 110969.837    -7.585     0.00    0.00
 111345.790    -7.585     0.00    0.00
 111721.745    -7.585     0.00    0.00
 112097.703    -7.585     0.00    0.00
 112473.663    -7.585     0.00    0.00
 112849.626    -7.585     0.00    0.00
 113225.591    -7.585     0.00    0.00
 113601.559    -7.585     0.00    0.00
 113977.529    -7.585     0.00    0.00
 114353.502    -7.585     0.00    0.00
 114729.477    -7.585     0.00    0.00
 115105.455    -7.585     0.00    0.00
 115481.435    -7.585     0.00    0.00
 115857.418    -7.585     0.00    0.00
 116233.404    -7.585     0.00    0.00
 116609.392    -7.585     0.00    0.00
 116985.382    -7.585     0.00    0.00
 117361.375    -7.585     0.00    0.00
 117737.371    -7.585     0.00    0.00
 118113.369    -7.585     0.00    0.00
 118489.369    -7.585     0.00    0.00
 118865.373    -7.585     0.00    0.00
 119241.378    -7.585     0.00    0.00
 119617.387    -7.585     0.00    0.00
 119993.397    -7.585     0.00    0.00
 120369.411    -7.585     0.00    0.00
 120745.427    -7.585     0.00    0.00
 121121.445    -7.585     0.00    0.00
 121497.466    -7.585     0.00    0.00
 121873.490    -7.585     0.00    0.00
 122249.516    -7.585     0.00    0.00
 122625.544    -7.585     0.00    0.00
 123001.576    -7.585     0.00    0.00
 123377.609    -7.585     0.00    0.00
 123753.646    -7.585     0.00    0.00
 124129.685    -7.585     0.00    0.00
 124505.726    -7.585     0.00    0.00
 124881.770    -7.585     0.00    0.00
 125257.817    -7.585     0.00    0.00
 125633.866    -7.585     0.00    0.00
 126009.918    -7.585     0.00    0.00
 126385.972    -7.585     0.00    0.00
 126762.029    -7.585     0.00    0.00
 127138.088    -7.585     0.00    0.00
 127514.150    -7.585     0.00    0.00
 127890.215    -7.585     0.00    0.00
 128266.282    -7.585     0.00    0.00
 128642.352    -7.585     0.00    0.00
 129018.424    -7.585     0.00    0.00
 129394.499    -7.585     0.00    0.00
 129770.577    -7.585     0.00    0.00
 130146.657    -7.585     0.00    0.00
 130522.740    -7.585     0.00    0.00
 130898.825    -7.585     0.00    0.00
 131274.913    -7.585     0.00    0.00
 131651.004    -7.585     0.00    0.00
 132027.097    -7.585     0.00    0.00
 132403.192    -7.585     0.00    0.00
 132779.291    -7.585     0.00    0.00
 133155.392    -7.585     0.00    0.00
 133531.495    -7.585     0.00    0.00
 133907.601    -7.585     0.00    0.00
 134283.710    -7.585     0.00    0.00
 134659.822    -7.585     0.00    0.00
 135035.936    -7.585     0.00    0.00
 135412.052    -7.585     0.00    0.00
 135788.171    -7.585     0.00    0.00
 136164.293    -7.585     0.00    0.00
 136540.418    -7.585     0.00    0.00
 136916.545    -7.585     0.00    0.00
 137292.675    -7.585     0.00    0.00
 137668.807    -7.585     0.00    0.00
 138044.942    -7.585     0.00    0.00
 138421.079    -7.585     0.00    0.00
 138797.220    -7.585     0.00    0.00
 139173.363    -7.585     0.00    0.00
 139549.508    -7.585     0.00    0.00
 139925.656    -7.585     0.00    0.00
 140301.807    -7.585     0.00    0.00
 140677.960    -7.585     0.00    0.00
 141054.116    -7.585     0.00    0.00
 141430.275    -7.585     0.00    0.00
 141806.437    -7.585     0.00    0.00
 142182.601    -7.585     0.00    0.00
 142558.767    -7.585     0.00    0.00
 142934.936    -7.585     0.00    0.00
 143311.108    -7.585     0.00    0.00
 143687.283    -7.585     0.00    0.00
 144063.460    -7.585     0.00    0.00
 144439.640    -7.585     0.00    0.00
 144815.823    -7.585     0.00    0.00
 145192.008    -7.585     0.00    0.00
 145568.196    -7.585     0.00    0.00
 145944.386    -7.585     0.00    0.00
 146320.580    -7.585     0.00    0.00
 146696.776    -7.585     0.00    0.00
 147072.974    -7.585     0.00    0.00
 147449.175    -7.585     0.00    0.00
 147825.379    -7.585     0.00    0.00
 148201.586    -7.585     0.00    0.00
 148577.795    -7.585     0.00    0.00
 148954.007    -7.585     0.00    0.00
 149330.222    -7.585     0.00    0.00
 149706.439    -7.585     0.00    0.00
 150082.659    -7.585     0.00    0.00
 150458.882    -7.585     0.00    0.00
 150835.107    -7.585     0.00    0.00
 151211.335    -7.585     0.00    0.00
 151587.566    -7.585     0.00    0.00
 151963.799    -7.585     0.00    0.00
 152340.035    -7.585     0.00    0.00
 152716.274    -7.585     0.00    0.00
 153092.516    -7.585     0.00    0.00
 153468.760    -7.585     0.00    0.00
 153845.007    -7.585     0.00    0.00
 154221.256    -7.585     0.00    0.00
 154597.509    -7.585     0.00    0.00
 154973.764    -7.585     0.00    0.00
 155350.021    -7.585     0.00    0.00
 155726.282    -7.585     0.00    0.00
 156102.545    -7.585     0.00    0.00
 156478.811    -7.585     0.00    0.00
 156855.080    -7.585     0.00    0.00
 157231.351    -7.585     0.00    0.00
 157607.625    -7.585     0.00    0.00
 157983.902    -7.585     0.00    0.00
 158360.181    -7.585     0.00    0.00
 158736.463    -7.585     0.00    0.00
 159112.748    -7.585     0.00    0.00
 159489.036    -7.585     0.00    0.00
 159865.326    -7.585     0.00    0.00
 160241.619    -7.585     0.00    0.00
 160617.915    -7.585     0.00    0.00
 160994.214    -7.585     0.00    0.00
 161370.515    -7.585     0.00    0.00
 161746.819    -7.585     0.00    0.00
 162123.126    -7.585     0.00    0.00
 162499.435    -7.585     0.00    0.00
 162875.748    -7.585     0.00    0.00
 163252.063    -7.585     0.00    0.00
 163628.380    -7.585     0.00    0.00
 164004.701    -7.585     0.00    0.00
 164381.024    -7.585     0.00    0.00
 164757.350    -7.585     0.00    0.00
 165133.679    -7.585     0.00    0.00
 165510.010    -7.585     0.00    0.00
 165886.345    -7.585     0.00    0.00
 166262.682    -7.585     0.00    0.00
 166639.022    -7.585     0.00    0.00
 167015.364    -7.585     0.00    0.00
 167391.709    -7.585     0.00    0.00
 167768.058    -7.585     0.00    0.00
 168144.408    -7.585     0.00    0.00
 168520.762    -7.585     0.00    0.00
 168897.118    -7.585     0.00    0.00
 169273.478    -7.585     0.00    0.00
 169649.840    -7.585     0.00    0.00
 170026.204    -7.585     0.00    0.00
 170402.572    -7.585     0.00    0.00
 170778.942    -7.585     0.00    0.00
 171155.315    -7.585     0.00    0.00
 171531.691    -7.585     0.00    0.00
 171908.070    -7.585     0.00    0.00
 172284.451    -7.585     0.00    0.00
 172660.835    -7.585     0.00    0.00
 173037.222    -7.585     0.00    0.00
 173413.612    -7.585     0.00    0.00
 173790.005    -7.585     0.00    0.00
 174166.400    -7.585     0.00    0.00
 174542.798    -7.585     0.00    0.00
 174919.199    -7.585     0.00    0.00
 175295.603    -7.585     0.00    0.00
 175672.009    -7.585     0.00    0.00
 176048.419    -7.585     0.00    0.00
 176424.831    -7.585     0.00    0.00
 176801.246    -7.585     0.00    0.00
 177177.664    -7.585     0.00    0.00
 177554.084    -7.585     0.00    0.00
 177930.508    -7.585     0.00    0.00
 178306.934    -7.585     0.00    0.00
 178683.266    -7.585     0.00    0.00
 179059.133    -7.585     0.00    0.00
 179435.002    -7.585     0.00    0.00
 179810.875    -7.585     0.00    0.00
 180186.750    -7.585     0.00    0.00
 180562.628    -7.585     0.00    0.00
 180938.509    -7.585     0.00    0.00
 181314.392    -7.585     0.00    0.00
 181690.279    -7.585     0.00    0.00
 182066.168    -7.585     0.00    0.00
 182442.060    -7.585     0.00    0.00
 182817.955    -7.585     0.00    0.00
 183193.853    -7.585     0.00    0.00
 183569.754    -7.585     0.00    0.00
 183945.657    -7.585     0.00    0.00
 184321.563    -7.585     0.00    0.00
 184697.472    -7.585     0.00    0.00
 185073.384    -7.585     0.00    0.00
 185449.299    -7.585     0.00    0.00
 185825.217    -7.585     0.00    0.00
 186201.137    -7.585     0.00    0.00
 186577.061    -7.585     0.00    0.00
 186952.987    -7.585     0.00    0.00
 187328.916    -7.585     0.00    0.00
 187704.848    -7.585     0.00    0.00
 188080.782    -7.585     0.00    0.00
 188456.720    -7.585     0.00    0.00
 188832.660    -7.585     0.00    0.00
 189208.604    -7.585     0.00    0.00
 189584.550    -7.585     0.00    0.00
 189960.499    -7.585     0.00    0.00
 190336.451    -7.585     0.00    0.00
 190712.405    -7.585     0.00    0.00
 191088.363    -7.585     0.00    0.00
 191464.323    -7.585     0.00    0.00
 191840.287    -7.585     0.00    0.00
 192216.253    -7.585     0.00    0.00
 192592.222    -7.585     0.00    0.00
 192968.194    -7.585     0.00    0.00
 193344.169    -7.585     0.00    0.00
 193720.147    -7.585     0.00    0.00
 194096.127    -7.585     0.00    0.00
 194472.111    -7.585     0.00    0.00
 194848.097    -7.585     0.00    0.00
 195224.086    -7.585     0.00    0.00
 195600.078    -7.585     0.00    0.00
 195976.073    -7.585     0.00    0.00
 196352.071    -7.585     0.00    0.00
 196728.072    -7.585     0.00    0.00
 197104.076    -7.585     0.00    0.00
 197480.082    -7.585     0.00    0.00
 197856.092    -7.585     0.00    0.00
 198232.104    -7.585     0.00    0.00
 198608.119    -7.585     0.00    0.00
 198984.137    -7.585     0.00    0.00
 199360.159    -7.585     0.00    0.00
 199736.183    -7.585     0.00    0.00
 200112.209    -7.585     0.00    0.00
 200488.239    -7.585     0.00    0.00
 200864.272    -7.585     0.00    0.00
 201240.308    -7.585     0.00    0.00
 201616.346    -7.585     0.00    0.00
 201992.388    -7.585     0.00    0.00
 202368.432    -7.585     0.00    0.00
 202744.479    -7.585     0.00    0.00
 203120.529    -7.585     0.00    0.00
 203496.583    -7.585     0.00    0.00
 203872.639    -7.585     0.00    0.00
 204248.698    -7.585     0.00    0.00
 204624.759    -7.585     0.00    0.00
 205000.824    -7.585     0.00    0.00
 205376.892    -7.585     0.00    0.00
 205752.963    -7.585     0.00    0.00
 206129.036    -7.585     0.00    0.00
 206505.113    -7.585     0.00    0.00
 206881.193    -7.585     0.00    0.00
 207257.275    -7.585     0.00    0.00
 207633.360    -7.585     0.00    0.00
 208009.449    -7.585     0.00    0.00
 208385.540    -7.585     0.00    0.00
 208761.634    -7.585     0.00    0.00
 209137.732    -7.585     0.00    0.00
 209513.832    -7.585     0.00    0.00
 209889.935    -7.585     0.00    0.00
 210266.041    -7.585     0.00    0.00
 210642.150    -7.585     0.00    0.00
 211018.262    -7.585     0.00    0.00
 211394.377    -7.585     0.00    0.00
 211770.495    -7.585     0.00    0.00
 212146.616    -7.585     0.00    0.00
 212522.739    -7.585     0.00    0.00
 212898.866    -7.585     0.00    0.00
 213274.996    -7.585     0.00    0.00
 213651.129    -7.585     0.00    0.00
 214027.264    -7.585     0.00    0.00
 214403.403    -7.585     0.00    0.00
 214779.545    -7.585     0.00    0.00
 215155.689    -7.585     0.00    0.00
 215531.837    -7.585     0.00    0.00
 215907.987    -7.585     0.00    0.00
 216284.141    -7.585     0.00    0.00
 216660.298    -7.585     0.00    0.00
 217036.457    -7.585     0.00    0.00
 217412.620    -7.585     0.00    0.00
 217788.785    -7.585     0.00    0.00
 218164.954    -7.585     0.00    0.00
 218541.125    -7.585     0.00    0.00
 218917.300    -7.585     0.00    0.00
 219293.477    -7.585     0.00    0.00
 219669.658    -7.585     0.00    0.00
 220045.841    -7.585     0.00    0.00
 220422.028    -7.585     0.00    0.00
 220798.217    -7.585     0.00    0.00
 221174.410    -7.585     0.00    0.00
 221550.605    -7.585     0.00    0.00
 221926.804    -7.585     0.00    0.00
 222303.005    -7.585     0.00    0.00
 222679.210    -7.585     0.00    0.00
 223055.417    -7.585     0.00    0.00
 223431.628    -7.585     0.00    0.00
 223807.842    -7.585     0.00    0.00
 224184.058    -7.585     0.00    0.00
 224560.278    -7.585     0.00    0.00
 224936.501    -7.585     0.00    0.00
 225312.726    -7.585     0.00    0.00
 225688.955    -7.585     0.00    0.00
 226065.187    -7.585     0.00    0.00
 226441.422    -7.585     0.00    0.00
 226817.659    -7.585     0.00    0.00
 227193.900    -7.585     0.00    0.00
 227570.144    -7.585     0.00    0.00
 227946.391    -7.585     0.00    0.00
 228322.641    -7.585     0.00    0.00
