# NaN NaN NaN ;Mean Elev.(m), Avg Gradient(m/km), RMS Gradient(m/km) - SRTM1     
#   12.155   0.172   6.081 ;Mean Elev.(m), Avg Gradient(m/km), RMS Gradient(m/km) - ASTER GDEM
#    7.585   0.190   6.641 ;Mean Elev.(m), Avg Gradient(m/km), RMS Gradient(m/km) - GMTED2010 
  8 308.240110   3.988307     2.210     2.110  3 52497.05884937 52.606
  9 308.235141   3.983209     0.605     0.620  4 52532.05883511 51.219
 10 308.241055   3.989490     0.776     0.776  2 52567.05885923 43.310
 11 308.234317   3.981470     1.840     1.865  4 52602.05886404 49.091
 12 308.235128   3.983997    -0.394    -0.426  4 52637.05883204 51.323
 13 308.236717   3.984349     1.362     1.361  3 52672.05883565 44.991
 14 308.237711   3.988040     2.057     2.129  3 52707.05883792 52.442
 15 308.234288   3.982992     0.151     0.080  3 52742.05886854 20.315
 16 308.240833   3.988123     2.200     2.176  3 52777.05881140 50.059
 17 308.234796   3.982253     0.945     0.943  4 52812.05888939 52.443
 18 308.236468   3.984984     0.505     0.454  3 52847.05894455 50.428
 19 308.235190   3.983628     2.406     2.430  3 52882.05898087 42.700
 20 308.239716   3.987020    -0.056    -0.124  3 52917.05893834 50.635
 21 308.241562   3.988569     0.529     0.509  3 52952.05889978 24.955
 22 308.243751   3.992737     2.143     2.143  2 52987.05891594 51.234
 23 308.241529   3.989193     0.232     0.232  2 53022.05890423 48.295
 24 308.242580   3.992225     2.062     1.989  3 53057.05889638 49.440
 25 308.231496   3.980018     1.815     1.822  3 53092.05893191 53.326
 26 308.239869   3.988548     0.805     0.805  2 53127.05890430 42.302
 27 308.232919   3.979510     2.299     2.275  4 53162.05896642 51.100
 28 308.238603   3.987616     0.539     0.539  2 53197.05896688 53.535
 29 308.243387   3.990884     1.039     1.126  3 53232.05894669 51.833
 30 308.237160   3.984944     2.737     2.836  3 53267.05891477 49.405
 32 308.237176   3.985914     1.317     1.302  3 53337.05893853 45.922
 33 308.239741   3.988497     1.764     1.764  2 53372.05887450 53.525
 35 308.238073   3.987386     2.512     2.522  3 53442.05889705 52.162
 36 308.233254   3.980378     2.820     2.144  4 53477.05896589 12.663
 37 308.236918   3.986166     1.047     1.009  3 53512.05897973 50.713
 38 308.233513   3.982474     2.358     2.455  4 53547.05899670 51.719
 39 308.237799   3.985867    -0.010    -0.058  3 53582.05896740 49.658
 40 308.235483   3.983896     1.231     1.227  4 53617.05892256 40.607
 41 308.237758   3.986570     2.227     2.206  3 53652.05894006 52.229
 42 308.234343   3.982431    -0.114    -0.130  4 53687.05894308 32.656
 43 308.240465   3.987874     1.649     1.621  3 53722.05886950 42.808
 44 308.243577   3.991612     2.040     2.043  3 53757.05880231 52.310
 45 308.241211   3.989185     0.742     0.717  3 53792.05882694 51.262
 46 308.241242   3.988814     2.399     2.399  2 53827.05879154 52.800
 47 308.234628   3.983499     0.706     0.665  3 53862.05887849 49.835
 48 308.238012   3.987411     1.117     1.117  2 53897.05890043 52.675
 50 308.232900   3.979937     0.256     0.264  4 53967.05892315 50.185
 51 308.239481   3.987524     1.285     1.246  3 54002.05888852 25.173
 52 308.239718   3.988351     1.967     1.967  2 54037.05892732 48.992
 53 308.238990   3.987183     0.393     0.432  3 54072.05892106 50.002
 54 308.237310   3.985488     2.090     1.991  3 54107.05887107 50.590
 55 308.237118   3.985776     0.686     0.684  3 54142.05885570 46.269
 56 308.236947   3.987226     1.218     1.242  3 54177.05885354 40.687
 57 308.236393   3.985314     2.494     2.499  3 54212.05886239 52.582
 58 308.237048   3.985662     0.372     0.192  3 54247.05889228 52.048
 60 308.238914   3.988750     2.166     2.215  3 54317.05890060 52.078
 61 308.238493   3.986157     0.590     0.592  3 54352.05886645 51.781
 62 308.238522   3.987184     1.767     1.823  3 54387.05883971 45.871
 63 308.237338   3.987201     1.113     1.115  3 54422.05881622 51.704
 64 308.238413   3.986131     0.688     0.693  3 54457.05881292 52.703
 65 308.238625   3.987386     2.954     2.954  2 54492.05881855 52.813
 66 308.239157   3.987980     0.466     0.466  2 54527.05882590 52.102
 67 308.237489   3.986775     1.617     1.665  3 54562.05882665 43.338
 68 308.237633   3.984851     2.001     2.027  3 54597.05882172 50.180
 69 308.236561   3.985570     0.532     0.489  3 54632.05883506 53.256
 70 308.236566   3.984116     1.685     1.721  3 54667.05884049 51.821
 71 308.239100   3.987687     1.653     1.743  3 54702.05880850 50.583
 72 308.237080   3.987901     0.780     0.804  3 54737.05880191 52.308
 73 308.238773   3.988022     1.945     1.841  3 54772.05878883 50.323
 74 308.236475   3.986095     0.452     0.476  3 54807.05879468 52.513
 75 308.238062   3.986846     1.312     1.312  2 54842.05878551 47.946
 76 308.236274   3.986876     2.437     2.409  3 54877.05879689 51.423
 77 308.236921   3.984117     0.038     0.053  3 54912.05878939 50.771
 78 308.236067   3.984220     1.438     1.401  3 54947.05878924 45.304
 79 308.236532   3.984025     1.228     1.129  3 54982.05881520 47.444
 80 308.237728   3.986624     0.596     0.596  2 55017.05881500 51.966
 81 308.238308   3.988116     1.881     1.773  3 55052.05881049 48.819
 82 308.237224   3.987054     0.787     0.698  3 55087.05877432 36.127
 83 308.238678   3.987325     0.921     0.921  2 55122.05874490 40.871
 84 308.237240   3.984713     2.102     2.116  3 55157.05873366 51.996
 85 308.236536   3.987508    -0.214    -0.197  3 55192.05873481 52.055
 86 308.237228   3.985548     2.005     1.930  3 55227.05873507 18.912
 87 308.238222   3.987488     1.728     1.728  2 55262.05872982 51.486
 89 308.235916   3.985879     2.035     2.010  3 55332.05871027 53.173
 90 308.238181   3.986995     1.346     1.346  2 55367.05870243 52.607
 91 308.237551   3.986236     1.207     1.197  3 55402.05871633 50.077
 92 308.239064   3.987820     2.301     2.272  3 55437.05872036 52.115
 93 308.238308   3.988400     0.610     0.581  3 55472.05867052 51.332
