# NaN NaN NaN ;Mean Elev.(m), Avg Gradient(m/km), RMS Gradient(m/km) - SRTM1     
#   12.155   0.172   6.081 ;Mean Elev.(m), Avg Gradient(m/km), RMS Gradient(m/km) - ASTER GDEM
#    7.585   0.190   6.641 ;Mean Elev.(m), Avg Gradient(m/km), RMS Gradient(m/km) - GMTED2010 
  8     2.417 52497.05884872 41.66 308.240840   3.985000 20.559
  8     2.104 52497.05884937 54.07 308.240110   3.988310 20.559
  8     2.110 52497.05885001 54.42 308.239380   3.991610 20.559
  9     0.662 52532.05883415 41.26 308.236233   3.978253  9.727
  9     0.695 52532.05883479 50.17 308.235503   3.981553  9.727
  9     0.487 52532.05883544 54.65 308.234780   3.984860 15.460
  9     0.577 52532.05883608 50.81 308.234050   3.988170 15.460
 10     0.842 52567.05885890 41.00 308.241424   3.987836  8.215
 10     0.711 52567.05885955 44.81 308.240686   3.991144 10.373
 11     1.691 52602.05886307 37.55 308.235410   3.976515 15.897
 11     1.937 52602.05886372 44.57 308.234680   3.979815 15.897
 11     1.881 52602.05886436 52.31 308.233950   3.983125 15.897
 11     1.850 52602.05886501 50.79 308.233230   3.986425 15.897
 12    -0.250 52637.05883107 43.18 308.236223   3.979037 18.670
 12    -0.471 52637.05883171 53.55 308.235493   3.982347 18.670
 12    -0.453 52637.05883236 53.24 308.234763   3.985647 18.670
 12    -0.400 52637.05883300 49.26 308.234033   3.988957 18.670
 13     1.405 52672.05883500 44.82 308.237447   3.981039 18.455
 13     1.361 52672.05883565 46.44 308.236717   3.984349 18.455
 13     1.319 52672.05883629 43.07 308.235987   3.987659 18.455
 14     1.855 52707.05883728 49.01 308.238438   3.984733 22.143
 14     2.187 52707.05883792 54.61 308.237708   3.988043 22.143
 14     2.129 52707.05883856 51.98 308.236988   3.991343 22.143
 15     0.080 52742.05886789 18.97 308.235018   3.979685  7.950
 15     0.399 52742.05886854 19.17 308.234288   3.982995  7.950
 15    -0.027 52742.05886918 22.07 308.233558   3.986295  7.950
 16     2.176 52777.05881075 43.02 308.241563   3.984820 16.416
 16     2.297 52777.05881140 49.00 308.240833   3.988120 16.416
 16     2.128 52777.05881204 53.11 308.240103   3.991430 16.416
 17     0.866 52812.05888843 42.57 308.235891   3.977298 22.984
 17     1.063 52812.05888907 53.14 308.235161   3.980598 22.984
 17     1.019 52812.05888972 54.79 308.234431   3.983908 22.984
 17     0.830 52812.05889036 52.47 308.233701   3.987208 22.984
 18     0.683 52847.05894390 44.55 308.237198   3.981677 17.450
 18     0.379 52847.05894455 53.35 308.236468   3.984987 17.450
 18     0.454 52847.05894519 49.36 308.235738   3.988287 17.450
 19     2.430 52882.05898023 45.92 308.235920   3.980321 14.047
 19     2.629 52882.05898087 42.20 308.235190   3.983631 14.047
 19     2.158 52882.05898151 22.52 308.234460   3.986931 14.047
 20    -0.181 52917.05893769 47.97 308.240446   3.983717 16.306
 20     0.136 52917.05893834 52.20 308.239716   3.987017 16.306
 20    -0.124 52917.05893898 50.74 308.238986   3.990327 16.306
 21     0.509 52952.05889914 24.12 308.242292   3.985262  8.853
 21     0.469 52952.05889978 24.74 308.241562   3.988572  8.853
 21     0.610 52952.05890043 25.83 308.240832   3.991872  8.853
 22     2.161 52987.05891562 51.41 308.244116   3.991087 14.711
 22     2.125 52987.05891626 51.05 308.243386   3.994387 14.711
 23     0.063 53022.05890390 49.49 308.241894   3.987538 19.016
 23     0.402 53022.05890455 46.64 308.241164   3.990848 19.016
 24     2.213 53057.05889573 48.07 308.243310   3.988922 20.511
 24     1.989 53057.05889638 50.85 308.242580   3.992222 20.511
 24     1.983 53057.05889702 48.92 308.241850   3.995532 20.511
 25     1.799 53092.05893126 54.00 308.232219   3.976715 24.474
 25     1.824 53092.05893191 53.76 308.231499   3.980015 24.474
 25     1.822 53092.05893255 51.94 308.230769   3.983325 24.474
 26     0.963 53127.05890398 43.79 308.240234   3.986898 13.431
 26     0.647 53127.05890462 40.02 308.239504   3.990198 13.431
 27     2.257 53162.05896545 47.82 308.234014   3.974548 18.750
 27     2.429 53162.05896610 52.46 308.233284   3.977858 18.750
 27     2.293 53162.05896674 48.80 308.232554   3.981168 18.750
 27     2.218 53162.05896738 53.07 308.231824   3.984468 18.750
 28     0.516 53197.05896656 53.33 308.238968   3.985966 19.064
 28     0.562 53197.05896720 53.73 308.238238   3.989266 19.064
 29     1.126 53232.05894604 36.46 308.244117   3.987577 13.874
 29     1.143 53232.05894669 52.95 308.243387   3.990887 13.874
 29     0.849 53232.05894733 54.08 308.242657   3.994187 13.874
 30     2.442 53267.05891413 36.68 308.237887   3.981637 25.234
 30     2.836 53267.05891477 47.45 308.237157   3.984947 25.234
 30     2.932 53267.05891542 53.04 308.236437   3.988247 25.234
 32     1.302 53337.05893788 45.39 308.237906   3.982607 14.964
 32     1.379 53337.05893853 46.16 308.237176   3.985917 14.964
 32     1.269 53337.05893917 46.17 308.236446   3.989217 14.964
 33     1.821 53372.05887417 54.63 308.240106   3.986847 22.029
 33     1.707 53372.05887482 52.04 308.239376   3.990147 22.029
 35     2.522 53442.05889640 52.08 308.238803   3.984079 16.475
 35     2.484 53442.05889705 52.36 308.238073   3.987389 16.475
 35     2.531 53442.05889769 52.04 308.237343   3.990689 16.475
 36     5.157 53477.05896493 13.71 308.234349   3.975418 10.022
 36     1.835 53477.05896557 12.93 308.233619   3.978728 10.022
 36     1.837 53477.05896622 12.14 308.232889   3.982028 10.022
 36     2.451 53477.05896686 11.57 308.232159   3.985338 10.022
 37     1.009 53512.05897908 47.92 308.237648   3.982863 25.915
 37     1.201 53512.05897973 53.60 308.236918   3.986163 25.915
 37     0.930 53512.05898037 47.96 308.236188   3.989473 25.915
 38     2.566 53547.05899573 43.91 308.234608   3.977514 18.233
 38     1.954 53547.05899638 51.16 308.233878   3.980824 18.233
 38     2.422 53547.05899702 55.34 308.233148   3.984124 18.233
 38     2.488 53547.05899767 49.87 308.232418   3.987434 18.233
 39    -0.138 53582.05896675 47.68 308.238529   3.982564 16.020
 39     0.166 53582.05896740 51.46 308.237799   3.985864 16.020
 39    -0.058 53582.05896804 48.96 308.237069   3.989174 16.020
 40     1.116 53617.05892159 41.28 308.236573   3.978941 12.930
 40     1.354 53617.05892224 41.30 308.235843   3.982241 12.930
 40     1.245 53617.05892288 38.91 308.235123   3.985551 12.930
 40     1.209 53617.05892353 40.53 308.234393   3.988851 12.930
 41     2.206 53652.05893941 51.32 308.238488   3.983263 22.107
 41     2.388 53652.05894006 53.89 308.237758   3.986573 22.107
 41     2.088 53652.05894070 50.82 308.237028   3.989873 22.107
 42    -0.176 53687.05894211 36.00 308.235438   3.977473  7.182
 42     0.144 53687.05894276 33.70 308.234708   3.980773  7.182
 42    -0.342 53687.05894340 27.17 308.233978   3.984083  7.182
 42    -0.083 53687.05894405 27.22 308.233248   3.987393  7.182
 43     1.621 53722.05886886 43.58 308.241188   3.984564 15.641
 43     1.822 53722.05886950 43.60 308.240468   3.987874 15.641
 43     1.503 53722.05887014 40.63 308.239738   3.991184 15.641
 44     2.026 53757.05880167 46.04 308.244307   3.988309 15.652
 44     2.050 53757.05880231 53.91 308.243577   3.991609 15.652
 44     2.043 53757.05880296 53.51 308.242847   3.994919 15.652
 45     0.891 53792.05882629 43.59 308.241941   3.985882 16.333
 45     0.717 53792.05882694 54.59 308.241211   3.989182 16.333
 45     0.619 53792.05882758 49.57 308.240481   3.992492 16.333
 46     2.548 53827.05879122 47.65 308.241607   3.987159 18.885
 46     2.250 53827.05879186 55.09 308.240877   3.990469 18.885
 47     0.665 53862.05887785 49.93 308.235351   3.980196 17.308
 47     0.871 53862.05887849 50.92 308.234631   3.983496 17.308
 47     0.582 53862.05887914 48.25 308.233901   3.986806 17.308
 48     1.200 53897.05890011 51.33 308.238377   3.985761 25.743
 48     1.033 53897.05890075 53.70 308.237647   3.989061 25.743
 50     0.291 53967.05892218 37.92 308.233996   3.974977 11.917
 50     0.206 53967.05892282 49.50 308.233266   3.978287 11.917
 50     0.276 53967.05892347 51.70 308.232536   3.981587 11.917
 50     0.252 53967.05892411 52.41 308.231804   3.984897 11.722
 51     1.624 54002.05888787 23.06 308.240211   3.984221  8.738
 51     0.984 54002.05888852 24.03 308.239481   3.987521  8.738
 51     1.246 54002.05888916 27.26 308.238751   3.990831  8.738
 52     2.002 54037.05892700 47.07 308.240078   3.986696 14.942
 52     1.933 54037.05892764 50.32 308.239358   3.990006 14.942
 53     0.313 54072.05892041 41.76 308.239722   3.983877  5.595
 53     0.435 54072.05892106 51.05 308.238989   3.987186 16.077
 53     0.432 54072.05892170 51.98 308.238259   3.990486 16.077
 54     1.493 54107.05887043 41.66 308.238039   3.982185 14.163
 54     1.991 54107.05887107 51.92 308.237309   3.985485 14.163
 54     2.786 54107.05887172 52.39 308.236583   3.988794 19.365
 55     0.701 54142.05885506 32.73 308.237848   3.982469 20.127
 55     0.673 54142.05885570 32.01 308.237118   3.985779 20.127
 55     0.684 54142.05885635 50.92 308.236388   3.989079 20.127
 56     1.336 54177.05885290 43.61 308.237677   3.983923 12.458
 56     1.242 54177.05885354 38.19 308.236947   3.987223 12.458
 56     1.076 54177.05885419 37.47 308.236217   3.990533 12.458
 57     2.499 54212.05886175 45.35 308.237123   3.982007 17.755
 57     2.513 54212.05886239 54.77 308.236393   3.985317 17.755
 57     2.469 54212.05886304 53.21 308.235663   3.988617 17.755
 58     0.116 54247.05889164 52.93 308.237778   3.982359 21.514
 58     0.807 54247.05889228 52.11 308.237048   3.985659 21.514
 58     0.192 54247.05889293 50.86 308.236318   3.988969 21.514
 60     2.348 54317.05889996 52.87 308.239644   3.985443 16.930
 60     2.215 54317.05890060 52.59 308.238914   3.988753 16.930
 60     1.934 54317.05890125 50.37 308.238184   3.992053 16.930
 61     0.424 54352.05886581 49.27 308.239223   3.982854 15.208
 61     0.754 54352.05886645 53.41 308.238493   3.986154 15.208
 61     0.592 54352.05886710 51.71 308.237763   3.989464 15.208
 62     1.988 54387.05883907 47.70 308.239252   3.983877 15.879
 62     1.823 54387.05883971 41.97 308.238522   3.987187 15.879
 62     1.490 54387.05884036 46.16 308.237792   3.990487 15.879
 63     1.246 54422.05881558 48.17 308.238061   3.983898 20.034
 63     1.115 54422.05881622 54.48 308.237341   3.987198 20.034
 63     0.977 54422.05881687 49.91 308.236611   3.990508 20.034
 64     0.732 54457.05881228 48.81 308.239136   3.982824 20.738
 64     0.693 54457.05881292 55.85 308.238416   3.986134 20.738
 64     0.640 54457.05881357 49.93 308.237686   3.989434 20.738
 65     3.052 54492.05881822 51.88 308.238990   3.985736 15.537
 65     2.855 54492.05881887 53.58 308.238260   3.989036 15.537
 66     0.628 54527.05882558 47.93 308.239522   3.986325 18.376
 66     0.305 54527.05882622 54.19 308.238792   3.989635 18.376
 67     1.665 54562.05882601 40.13 308.238219   3.983468 12.327
 67     1.760 54562.05882665 39.79 308.237489   3.986778 12.327
 67     1.425 54562.05882730 46.52 308.236759   3.990078 12.327
 68     1.832 54597.05882107 46.65 308.238363   3.981548 14.971
 68     2.144 54597.05882172 50.92 308.237633   3.984848 14.971
 68     2.027 54597.05882236 51.55 308.236903   3.988158 14.971
 69     0.695 54632.05883442 50.73 308.237291   3.982267 22.290
 69     0.412 54632.05883506 56.21 308.236561   3.985567 22.290
 69     0.489 54632.05883571 49.95 308.235831   3.988877 22.290
 70     1.563 54667.05883984 49.26 308.237296   3.980809 18.735
 70     1.773 54667.05884049 53.90 308.236566   3.984119 18.735
 70     1.721 54667.05884113 51.02 308.235836   3.987419 18.735
 71     1.442 54702.05880785 44.99 308.239830   3.984380 19.375
 71     1.773 54702.05880850 53.67 308.239100   3.987690 19.375
 71     1.743 54702.05880914 48.96 308.238370   3.990990 19.375
 72     0.843 54737.05880126 52.78 308.237807   3.984594 15.430
 72     0.804 54737.05880191 52.85 308.237077   3.987904 15.430
 72     0.692 54737.05880255 51.07 308.236357   3.991204 15.430
 73     2.192 54772.05878819 42.85 308.239503   3.984715 16.498
 73     1.841 54772.05878883 51.09 308.238773   3.988025 16.498
 73     1.802 54772.05878948 52.44 308.238043   3.991325 16.498
 74     0.486 54807.05879403 52.46 308.237205   3.982792 20.229
 74     0.395 54807.05879468 54.34 308.236475   3.986092 20.229
 74     0.476 54807.05879532 49.41 308.235745   3.989402 20.229
 75     1.423 54842.05878519 45.13 308.238427   3.985196 20.051
 75     1.201 54842.05878584 49.64 308.237697   3.988496 20.051
 76     2.517 54877.05879624 47.18 308.237001   3.983569 21.231
 76     2.386 54877.05879689 54.11 308.236271   3.986879 21.231
 76     2.409 54877.05879753 50.27 308.235551   3.990179 21.231
 77    -0.005 54912.05878875 44.35 308.237651   3.980814 18.301
 77     0.067 54912.05878939 51.61 308.236921   3.984114 18.301
 77     0.053 54912.05879004 52.70 308.236191   3.987424 18.301
 78     1.401 54947.05878859 48.46 308.236794   3.980917 16.418
 78     1.519 54947.05878924 40.16 308.236064   3.984217 16.418
 78     1.394 54947.05878988 43.27 308.235344   3.987527 16.418
 79     1.128 54982.05881455 41.18 308.237262   3.980722 13.348
 79     1.426 54982.05881520 49.45 308.236532   3.984022 13.348
 79     1.129 54982.05881584 48.15 308.235802   3.987332 13.348
 80     0.589 55017.05881468 52.26 308.238093   3.984974 14.495
 80     0.603 55017.05881532 51.65 308.237363   3.988274 14.495
 81     2.252 55052.05880985 39.21 308.239038   3.984809 20.398
 81     1.618 55052.05881049 47.72 308.238308   3.988119 20.398
 81     1.773 55052.05881114 52.07 308.237578   3.991419 20.398
 82     0.698 55087.05877368 36.72 308.237954   3.983747 11.599
 82     0.983 55087.05877432 35.65 308.237224   3.987057 11.599
 82     0.679 55087.05877497 35.94 308.236494   3.990357 11.599
 83     1.068 55122.05874458 42.10 308.239038   3.985670 17.998
 83     0.774 55122.05874522 39.15 308.238318   3.988980 17.998
 84     2.116 55157.05873302 45.38 308.237970   3.981410 14.709
 84     2.066 55157.05873366 53.62 308.237240   3.984710 14.709
 84     2.124 55157.05873431 53.23 308.236510   3.988020 14.709
 85     0.293 55192.05873417 40.79 308.237266   3.984205 15.439
 85    -0.739 55192.05873481 52.13 308.236536   3.987505 15.439
 85    -0.197 55192.05873546 54.86 308.235806   3.990815 15.439
 86     2.261 55227.05873443 17.53 308.237958   3.982241  8.352
 86     1.930 55227.05873507 17.72 308.237228   3.985551  8.352
 86     1.823 55227.05873571 20.71 308.236498   3.988851  8.352
 87     1.833 55262.05872949 46.69 308.238587   3.985833 24.480
 87     1.623 55262.05873014 53.71 308.237857   3.989143 24.480
 89     1.995 55332.05870962 53.16 308.236646   3.982576 20.139
 89     2.100 55332.05871027 55.61 308.235916   3.985876 20.139
 89     2.010 55332.05871091 47.16 308.235186   3.989186 20.139
 90     1.324 55367.05870211 52.84 308.238546   3.985345 14.823
 90     1.367 55367.05870275 52.36 308.237816   3.988645 14.823
 91     1.197 55402.05871568 51.76 308.238281   3.982933 18.134
 91     1.353 55402.05871633 50.36 308.237551   3.986233 18.134
 91     1.072 55402.05871697 46.70 308.236821   3.989543 18.134
 92     2.390 55437.05871972 46.05 308.239791   3.984517 19.081
 92     2.272 55437.05872036 54.43 308.239061   3.987817 19.081
 92     2.240 55437.05872101 52.32 308.238341   3.991127 19.081
 93     0.720 55472.05866987 52.10 308.239038   3.985093 15.941
 93     0.530 55472.05867052 52.49 308.238308   3.988403 15.941
 93     0.581 55472.05867116 48.33 308.237578   3.991703 15.941
